2
6
8
11
13
22
24
26
28
30
33
38
42
46
49
52
56
60
65
67
70
72
74
77
83
85
87
91
93
95
101
104
106
108
110
113
119
121
125
128
130
132
136
140
143
145
147
150
152
158
160
164
168
172
174
180
182
184
191
194
200
203
205
209
212
215
217
223
225
228
233
240
244
253
256
260
266
270
272
275
277
279
285
287
289
291
293
296
299
301
307
311
313
316
318
322
327
329
331
336
340
344
346
352
354
356
360
362
366
369
371
375
379
383
385
389
392
394
398
400
404
406
408
410
412
414
417
421
423
429
431
436
438
440
444
446
448
450
452
456
458
464
466
468
470
473
477
479
481
483
487
489
492
494
496
500
502
506
510
513
518
520
522
526
528
530
532
537
539
544
548
551
553
557
559
563
566
568
573
575
581
583
585
587
592
594
598
600
602
605
610
612
614
618
622
624
626
629
631
633
638
640
644
646
649
651
655
657
661
663
684
690
694
697
701
703
705
708
710
714
716
720
726
729
731
736
740
742
745
747
749
752
754
760
762
766
769
774
777
782
788
793
795
801
805
962
964
966
1080
1084
1088
1092
1094
1096
1098
1100
1103
1107
1111
1113
1115
1117
1123
1126
1130
1132
1134
1137
1141
1143
1147
1149
1162
1167
1169
1301
1306
1310
1313
1315
1317
1321
1323
1329
1334
1336
1339
1341
1344
1347
1352
1357
1358
1360
1362
1366
1373
1379
1381
1384
1703
1727
1729
1731
1736
1789
1791
1805
1812
1815
1821
1826
1838
1843
1845
1853
1857
1973
2133
2140
2146
2153
2158
2169
2180
2185
2192
2196
2198
2208
2216
2227
2229
2241
2243
2248
2257
2263
2271
2513
2518
2520
2524
2526
2528
2534
2539
2541
2544
2546
2550
2555
2557
2564
2571
2576
2578
2588
2590
2603
2974
2982
2984
2986
2990
3011
3023
3027
3031
3033
3037
3039
3041
3043
3045
3047
3050
3052
3058
3060
3064
3066
3068
3072
3074
3078
3080
3084
3086
3088
3092
3094
3096
3098
3102
3104
3106
3108
3110
3112
3114
3116
3118
3120
3122
3124
3127
3129
3131
3133
3137
3139
3141
3143
3146
3148
3150
3152
3154
3156
3166
3179
3187
3189
3191
3193
3195
3197
3199
3205
3207
3209
3213
3217
3219
3223
3227
3229
3233
3235
3238
3244
3246
3248
3252
3254
3256
3258
3260
3266
3268
3271
3273
3275
3281
3283
3285
3287
3317
3321
3325
3344
3346
3370
3374
3378
3380
3408
3410
3412
3414
3420
3439
3441
3443
3467
3469
3531
3535
4583
4890
4894
9141
9143
9145
9392
9399
9401
9403
9407
9409
9415
9417
9419
9421
9425
9429
9431
9433
9436
9438
9442
9444
9447
9449
9451
9456
9460
9466
9483
9488
9491
9493
9498
9501
9512
9537
9540
9547
9553
9563
9569
9575
9579
9582
9589
9591
9594
9598
9602
9607
9611
9614
9624
9632
9640
9642
9646
9648
9656
9658
9663
9665
9672
9674
9676
9678
9680
9682
9684
9686
9690
9692
9696
9702
9707
9713
9719
9721
9723
9725
9728
9732
9734
9738
9740
9742
9744
9755
9757
9759
9761
9763
9765
9767
9769
9773
9777
